tree
version=v4
num_class=1
num_tree_per_iteration=1
label_index=0
max_feature_idx=11
objective=binary sigmoid:1
feature_names=attendance_last_30d attendance_percentage_month consecutive_absence_days missed_meals_30d illness_frequency_90d distance_to_anganwadi mother_education caregiver_engagement_score home_visit_received parent_meeting_attended age_months recent_illness
feature_infos=[5:22] [22.699999999999999:100] [0:8] [0:20] [0:3] [0.10000000000000001:10] -1:1:2:0 [0:100] [0:1] [0:1] [0:92.969776609724036] [0:1]
tree_sizes=1002 1002 1008 1006 1005 1017 1007 1018 1008 1037 1009 1012 992 1017 1012 1026 1009 1023 1011 1043 1032 1023 1011 1008 1016

Tree=0
num_leaves=8
num_cat=3
split_feature=6 6 6 5 5 4 5
split_gain=2477.4 3788.93 2897.87 401.587 347.531 201.87 70.1789
threshold=0 1 2 2.7754522884328021 2.9031674239531466 0.8500000000000002 6.3174782877935707
decision_type=9 9 9 2 2 2 2
left_child=3 4 -3 5 -2 -1 -5
right_child=1 2 -4 6 -6 -7 -8
leaf_value=-0.066565970209943981 -0.046519418006830314 -0.040381988289074452 0.055018715860046787 -0.012511581830043311 -0.000995242494882447 -0.036314394456939597 0.031840861712212162
leaf_weight=8853.2222429811954 17482.336391240358 8724.9563530981541 40044.830164372921 5088.2155883610249 4811.4600220024586 11295.42939299345 953.05122110247612
leaf_count=41709 78618 38664 136641 21033 19297 49564 3488
internal_value=1.75131e-08 0.0145338 0.0379514 -0.039436 -0.0366944 -0.0496068 -0.00551468
internal_weight=97253.5 71063.6 48769.8 26189.9 22293.8 20148.7 6041.27
internal_count=389014 273220 175305 115794 97915 91273 24521
cat_boundaries=0 1 2 3
cat_threshold=2 4 1
is_linear=0
shrinkage=1


Tree=1
num_leaves=8
num_cat=3
split_feature=6 6 6 5 5 4 3
split_gain=1791.09 2739.4 2095.43 298.739 280.501 141.649 76.415
threshold=0 1 2 2.3091035439435936 1.1869247306341901 1.0500000000000003 3.5000000000000004
decision_type=9 9 9 2 2 2 2
left_child=3 4 -3 5 -2 -1 -5
right_child=1 2 -4 6 -6 -7 -8
leaf_value=-0.053861763738252362 -0.049463205705988687 -0.034339529116885495 0.046803369821951608 -0.035874128982487478 -0.015693255961737328 -0.02652801630565044 -0.00060290607395584422
leaf_weight=11732.506194114685 10235.63229238987 8721.4004121720791 40014.541005700827 1801.1383390724659 12048.708536252379 6702.8289505243301 5939.481795579195
leaf_count=54803 47137 38664 136641 7940 50778 29110 23941
internal_value=1.48913e-07 0.012362 0.0322827 -0.03354 -0.0312045 -0.0439236 -0.00881005
internal_weight=97196.2 71020.3 48735.9 26176 22284.3 18435.3 7740.62
internal_count=389014 273220 175305 115794 97915 83913 31881
cat_boundaries=0 1 2 3
cat_threshold=2 4 1
is_linear=0
shrinkage=0.15


Tree=2
num_leaves=8
num_cat=3
split_feature=6 6 6 5 5 3 11
split_gain=1296.14 1982.65 1517.05 238.038 227.765 161.849 43.523
threshold=0 1 2 3.7867444048368992 3.4790370824696795 5.5000000000000009 1.0000000180025095e-35
decision_type=9 9 9 2 2 2 2
left_child=3 4 -3 5 -2 -1 -5
right_child=1 2 -4 6 -6 -7 -8
leaf_value=-0.044006791160713217 -0.033106846021093511 -0.029219732142621316 0.039861711309914484 -0.0038888850935705679 0.008566206038520794 -0.0177218544510283 0.031649000723846819
leaf_weight=14186.138351112604 18761.198111787438 8712.7891312688589 39941.215804278851 2432.5070556253195 3501.7102015912533 8387.0018831640482 1138.1993328481913
leaf_count=65515 84134 38664 136641 9877 13781 36224 4178
internal_value=5.72835e-07 0.0105252 0.0274908 -0.0285481 -0.0265521 -0.0342407 0.00743918
internal_weight=97060.8 70916.9 48654 26143.8 22262.9 22573.1 3570.71
internal_count=389014 273220 175305 115794 97915 101739 14055
cat_boundaries=0 1 2 3
cat_threshold=2 4 1
is_linear=0
shrinkage=0.15


Tree=3
num_leaves=8
num_cat=3
split_feature=6 6 6 5 4 4 4
split_gain=938.398 1435.78 1099.06 201.04 194.365 101.606 93.8003
threshold=0 1 2 1.617866277073482 0.75000000000000011 0.95000000000000007 0.55000000000000016
decision_type=9 9 9 2 2 2 2
left_child=3 4 -3 6 -2 -5 -1
right_child=1 2 -4 5 -6 -7 -8
leaf_value=-0.057477490762841726 -0.042024620443654202 -0.024871895961250643 0.033971534900404832 -0.022736020556201348 -0.012475023251302455 0.0059127829518829545 -0.0292045310305926
leaf_weight=3426.0578507781029 7619.6543110013008 8701.433069139719 39844.531153976917 5844.5243865251541 14614.302909567952 5321.6027198433876 11511.177487418056
leaf_count=16758 35138 38664 136641 25551 62777 21444 52041
internal_value=1.20145e-06 0.00896627 0.0234244 -0.0243078 -0.0226018 -0.00908245 -0.0356893
internal_weight=96883.3 70779.9 48546 26103.4 22234 11166.1 14937.2
internal_count=389014 273220 175305 115794 97915 46995 68799
cat_boundaries=0 1 2 3
cat_threshold=2 4 1
is_linear=0
shrinkage=0.15


Tree=4
num_leaves=8
num_cat=3
split_feature=5 3 4 6 6 6 5
split_gain=874.76 607.682 280.915 256.441 330.827 213.082 42.6983
threshold=2.9031674239531466 5.5000000000000009 0.45000000000000007 0 1 2 8.8672262169214608
decision_type=2 2 2 9 9 9 2
left_child=1 2 -1 6 -5 -3 -2
right_child=3 5 -4 4 -6 -7 -8
leaf_value=-0.043378829537572161 -0.0027015791894527655 -0.013269504367609661 -0.012866329179211112 0.0053154130902947445 0.05308670184477076 0.015881085065565025 0.060318547511926862
leaf_weight=8314.293650329113 5368.6429099589586 7438.2738993167877 37004.706010714173 4808.6703730374575 10139.172311902046 23363.361041992903 253.31278420984745
leaf_count=38033 21927 32477 155464 19297 33107 87867 842
internal_value=1.50162e-06 -0.00741515 -0.0184642 0.0274476 0.0377188 0.00884152 0.000137967
internal_weight=96690.4 76120.6 45319 20569.8 14947.8 30801.6 5621.96
internal_count=389014 313841 193497 75173 52404 120344 22769
cat_boundaries=0 1 2 3
cat_threshold=2 4 2
is_linear=0
shrinkage=0.15


Tree=5
num_leaves=8
num_cat=3
split_feature=5 6 6 4 6 3 11
split_gain=715.444 367.343 538.523 272.84 153.305 142.908 82.428
threshold=1.1869247306341901 0 1 0.95000000000000007 2 6.5000000000000009 1.0000000180025095e-35
decision_type=2 9 9 2 9 2 2
left_child=3 6 -3 5 -5 -1 -2
right_child=1 2 -4 4 -6 -7 -8
leaf_value=-0.031003006714691601 -0.016757211602585875 -0.0066735434754050874 0.031708914734997054 -0.022492944697896776 0.0066467280170965232 -0.0032377338646910319 0.0079487628692810914
leaf_weight=18655.871978282928 9499.8740734010935 12021.651275262237 26040.670651257038 5573.6621484905481 14980.84595644474 5371.9718141406775 4467.2795952856541
leaf_count=83149 41627 50778 90304 25051 58323 21695 18087
internal_value=2.45036e-06 0.0119512 0.0195862 -0.0139422 -0.00125493 -0.0247954 -0.00885521
internal_weight=96611.8 52029.5 38062.3 44582.4 20554.5 24027.8 13967.2
internal_count=389014 200796 141082 188218 83374 104844 59714
cat_boundaries=0 1 2 3
cat_threshold=2 4 2
is_linear=0
shrinkage=0.15


Tree=6
num_leaves=8
num_cat=0
split_feature=5 3 4 4 3 5 4
split_gain=597.177 457.079 218.064 162.376 97.7402 87.4111 24.7317
threshold=4.028864536192736 5.5000000000000009 1.0500000000000003 1.1500000000000001 7.5000000000000009 6.5623236403161291 0.95000000000000007
decision_type=2 2 2 2 2 2 2
left_child=1 2 -1 -3 5 -2 -6
right_child=4 3 -4 -5 6 -7 -8
leaf_value=-0.02060339976269901 0.015858111214023852 0.0014324534890394114 0.00035905813978172075 0.022898226019132939 0.042349673739143133 0.049587723819342025 0.072126608464160483
leaf_weight=33096.218233034015 6462.4656443595886 23150.042603105307 16850.366072565317 12059.138297900558 1167.7414495497942 2360.0441029667854 1356.7804538458586
leaf_count=143956 24126 91904 68206 44776 3983 7907 4156
internal_value=2.85003e-06 -0.00430447 -0.0135313 0.00878448 0.0323279 0.0248809 0.058353
internal_weight=96502.8 85155.8 49946.6 35209.2 11347 8822.51 2524.52
internal_count=389014 348842 212162 136680 40172 32033 8139
is_linear=0
shrinkage=0.15


Tree=7
num_leaves=8
num_cat=2
split_feature=3 5 6 4 5 6 7
split_gain=470.669 324.346 186.705 166.41 139.337 62.5091 33.8708
threshold=4.5000000000000009 3.5300202517972994 0 0.45000000000000007 1.0947331790973267 1 91.250000000000014
decision_type=2 2 9 2 2 9 2
left_child=3 2 -2 6 -5 -3 -1
right_child=1 5 -4 4 -6 -7 -8
leaf_value=-0.028951147044566694 -0.014478450792932548 0.013567612021098357 0.008633954389054772 -0.018144896137862021 0.0015197968984221905 0.041101026927877253 -0.061429835143882991
leaf_weight=6781.4764888733625 10009.578600719571 2509.714310914278 36688.916242197156 15330.825486287475 17206.27227845788 7114.6464151293039 808.59889577329159
leaf_count=30535 43862 9620 141425 66702 69069 23749 4052
internal_value=2.98108e-06 0.00884752 0.00367993 -0.0124113 -0.00774581 0.0339212 -0.0324112
internal_weight=96450 56322.9 46698.5 40127.2 32537.1 9624.36 7590.08
internal_count=389014 218656 185287 170358 135771 33369 34587
cat_boundaries=0 1 2
cat_threshold=4 2
is_linear=0
shrinkage=0.15


Tree=8
num_leaves=8
num_cat=3
split_feature=6 6 6 5 3 5 4
split_gain=418.163 698.604 756.632 116.115 94.8256 71.0168 42.6512
threshold=0 1 2 1.1869247306341901 3.5000000000000004 4.2335754808671204 1.4500000000000002
decision_type=9 9 9 2 2 2 2
left_child=4 3 -3 -2 6 -6 -1
right_child=1 2 -4 -5 5 -7 -8
leaf_value=-0.03486942297198696 -0.027876480490952583 -0.023967772007770827 0.024919034769398756 -0.0060755505793201083 -0.01392052274373233 0.014962951632832275 -7.0269079826499158e-05
leaf_weight=6498.6823134422302 10138.480791762471 8686.5168449729681 39584.276189818978 12006.911262452602 16389.710736066103 2168.7832458168268 902.51217117905617
leaf_count=31077 47137 38664 136641 50778 72678 8198 3841
internal_value=2.70895e-06 0.00600191 0.0161217 -0.0160563 -0.0162703 -0.0105451 -0.030626
internal_weight=96375.9 70416.2 48270.8 22145.4 25959.7 18558.5 7401.19
internal_count=389014 273220 175305 97915 115794 80876 34918
cat_boundaries=0 1 2 3
cat_threshold=2 4 1
is_linear=0
shrinkage=0.15


Tree=9
num_leaves=8
num_cat=1
split_feature=5 4 4 5 3 3 6
split_gain=339.791 223.113 140.104 133.869 99.2282 96.3669 73.0178
threshold=1.1061083320534766 1.0500000000000003 0.55000000000000016 6.3174782877935707 7.5000000000000009 5.5000000000000009 0
decision_type=2 2 2 2 2 2 9
left_child=2 3 6 -2 -4 -3 -1
right_child=1 5 4 -5 -6 -7 -8
leaf_value=-0.067703309974709219 -0.0019483858201309082 0.010063502627980125 -0.0090870800893685412 0.036856097269898795 0.013165632072781598 0.030896718523982791 -0.021952571971866772
leaf_weight=863.40038254857063 31812.236224740744 10002.065518736839 27354.693269789219 2134.5406567007303 5398.5064288526773 9980.8132364153862 8633.0291776806116
leaf_count=4445 128394 38781 115760 7240 20646 35202 38546
internal_value=2.56522e-06 0.00789396 -0.0100704 0.000491603 -0.0054193 0.020469 -0.0261122
internal_weight=96179.3 53929.7 42249.6 33946.8 32753.2 19982.9 9496.43
internal_count=389014 209617 179397 135634 136406 73983 42991
cat_boundaries=0 1
cat_threshold=1
is_linear=0
shrinkage=0.15


Tree=10
num_leaves=8
num_cat=3
split_feature=6 6 6 3 5 4 4
split_gain=303.387 508.289 527.335 97.433 74.9597 61.0468 50.3278
threshold=0 1 2 2.5000000000000004 0.43915397291219388 1.4500000000000002 0.45000000000000007
decision_type=9 9 9 2 2 2 2
left_child=4 3 -3 -2 6 -6 -1
right_child=1 2 -4 -5 5 -7 -8
leaf_value=-0.06286323518683333 -0.038170794887762587 -0.01973976917935498 0.021126069908690821 -0.0096557402034853426 -0.013275892312333021 0.0093340682457036511 -0.023332969406319803
leaf_weight=867.31211245059967 3143.1063526123762 8664.8774458914995 39459.143401831388 18958.818610265851 17448.568401709199 3175.9193840920925 4405.6464394330978
leaf_count=4658 15021 38664 136641 82894 77740 12828 20568
internal_value=2.26501e-06 0.00511973 0.0137681 -0.0137109 -0.0138747 -0.00979423 -0.029835
internal_weight=96123.4 70225.9 48124 22101.9 25897.4 20624.5 5272.96
internal_count=389014 273220 175305 97915 115794 90568 25226
cat_boundaries=0 1 2 3
cat_threshold=2 4 1
is_linear=0
shrinkage=0.15


Tree=11
num_leaves=8
num_cat=0
split_feature=3 5 4 5 4 4 4
split_gain=261.67 205.543 146.075 78.1543 55.1135 52.9655 16.7027
threshold=7.5000000000000009 0.38085876209169511 1.0500000000000003 4.3870766918374704 0.55000000000000016 1.8500000000000003 0.95000000000000007
decision_type=2 2 2 2 2 2 2
left_child=1 4 -3 5 -1 -2 -5
right_child=3 2 -4 6 -6 -7 -8
leaf_value=-0.036584314513712725 0.010805707621396212 -0.0052297151919277049 0.0097220299746817347 0.029693163736049279 -0.014649342359336981 0.047652458657602384 0.056660221274763417
leaf_weight=3336.1915198564529 13819.761116713285 41747.336824417114 22693.832160770893 960.08619490265846 11330.339435920119 937.29595963656902 1119.1917177587748
leaf_count=15852 52498 173926 88036 3280 48864 3145 3413
internal_value=1.95463e-06 -0.00361192 3.57448e-05 0.0169822 -0.0196389 0.013146 0.0442084
internal_weight=95944 79107.7 64441.2 16836.3 14666.5 14757.1 2079.28
internal_count=389014 326678 261962 62336 64716 55643 6693
is_linear=0
shrinkage=0.15


Tree=12
num_leaves=8
num_cat=4
split_feature=5 4 6 6 6 6 3
split_gain=229.539 192.523 134.841 82.2284 59.7948 71.4757 30.4808
threshold=4.028864536192736 1.2500000000000002 0 1 2 3 2.5000000000000004
decision_type=2 2 9 9 9 9 2
left_child=1 2 -1 -3 6 -6 -2
right_child=4 3 -4 -5 5 -7 -8
leaf_value=-0.02804707709602457 -0.040165799049145655 -0.0056333306448926928 -0.004380983844998099 0.016560418275983379 0.0067998879820924769 0.036863089652900131 0.0077315822635973686
leaf_weight=5958.3533453196287 334.21206948161125 5140.1195311099291 59609.666164681315 13950.531812176108 2648.4555443972349 5422.6105836182833 2832.600905880332
leaf_count=27768 1519 21946 247302 51826 10308 17422 10923
internal_value=1.95254e-06 -0.00267182 -0.00653159 0.0105848 0.0201444 0.0269981 0.00267669
internal_weight=95896.5 84658.7 65568 19090.7 11237.9 8071.07 3166.81
internal_count=389014 348842 275070 73772 40172 27730 12442
cat_boundaries=0 1 2 3 4
cat_threshold=1 2 2 4
is_linear=0
shrinkage=0.15


Tree=13
num_leaves=8
num_cat=3
split_feature=6 6 6 5 11 5 10
split_gain=197.326 364.119 327.862 68.8888 55.9157 39.2187 31.3286
threshold=0 1 2 5.1685361557842784 1.0000000180025095e-35 0.41418424662332071 39.01116951379764
decision_type=9 9 9 2 2 2 8
left_child=4 3 -3 -2 5 -1 -6
right_child=1 2 -4 -5 6 -7 -8
leaf_value=-0.030469761398035696 -0.014064083282709649 -0.014993664530308381 0.017290192865002191 0.019355250370866151 0.0055754288142689052 -0.01251339165742512 -0.014088192857523938
leaf_weight=3388.2043668478727 20574.121952310205 8632.4154300391674 39303.836748614907 1488.2163448482752 5472.1224434375763 14234.339468166232 2733.8103117793798
leaf_count=16827 92369 38664 136641 5546 22865 64152 11950
internal_value=2.35164e-06 0.00413705 0.0114765 -0.0118098 -0.0112032 -0.0159658 -0.000975516
internal_weight=95827.1 69998.6 47936.3 22062.3 25828.5 17622.5 8205.93
internal_count=389014 273220 175305 97915 115794 80979 34815
cat_boundaries=0 1 2 3
cat_threshold=2 4 1
is_linear=0
shrinkage=0.15


Tree=14
num_leaves=8
num_cat=0
split_feature=3 4 5 5 4 5 5
split_gain=183.972 152.764 128.752 48.6967 43.3002 22.141 15.875
threshold=8.5000000000000018 0.45000000000000007 3.4266359834200499 0.46477486784653427 1.9500000000000002 6.3174782877935707 0.36510676828512473
decision_type=2 2 2 2 2 2 2
left_child=1 3 -3 -1 5 -2 -6
right_child=4 2 -4 -5 6 -7 -8
leaf_value=-0.032740978616044178 0.015378085713583586 -0.0020869716129556831 0.015502639823305651 -0.011654401447553427 -0.0038772777100913817 0.050543187871389519 0.069092231154971415
leaf_weight=3134.5590397715569 8782.6513027697802 60134.565911903977 11089.97805249691 11521.645167499781 77.463819533586502 422.23036807775497 500.59977242350578
leaf_count=15097 32514 248242 40397 49674 302 1281 1507
internal_value=2.1621e-06 -0.00221798 0.000651809 -0.0161642 0.0194919 0.0169911 0.0593139
internal_weight=95663.7 85880.7 71224.5 14656.2 9782.95 9204.88 578.064
internal_count=389014 353410 288639 64771 35604 33795 1809
is_linear=0
shrinkage=0.15


Tree=15
num_leaves=8
num_cat=2
split_feature=3 5 6 4 6 5 5
split_gain=158.116 119.166 73.3794 57.6709 49.0136 44.8568 37.2507
threshold=3.5000000000000004 1.1744837437606439 0 0.35000000000000003 1 0.3410456789241248 8.8672262169214608
decision_type=2 2 9 2 9 2 2
left_child=3 4 -3 6 -2 -5 -1
right_child=1 2 -4 5 -6 -7 -8
leaf_value=-0.030067844126151905 -0.022508128400893553 -0.001822319630085232 0.012867854719221923 -0.022345354667109404 -0.0014929498029968714 -0.0042358766189047395 0.1197698051958694
leaf_weight=3394.6774397343397 2735.4088377207518 10345.294122636318 29373.605021774769 3742.235012948513 28660.363352447748 17325.400525256991 37.746609255671501
leaf_count=16223 12842 43442 108096 17156 118115 73042 98
internal_value=2.15319e-06 0.00358246 0.00904161 -0.0103902 -0.00332393 -0.00745266 -0.0284201
internal_weight=95614.7 71114.7 39718.9 24500.1 31395.8 21067.6 3432.42
internal_count=389014 282495 151538 106519 130957 90198 16321
cat_boundaries=0 1 2
cat_threshold=2 1
is_linear=0
shrinkage=0.15


Tree=16
num_leaves=8
num_cat=3
split_feature=4 6 6 4 4 6 5
split_gain=139.866 123.781 196.736 54.4378 41.7035 34.2733 18.3846
threshold=1.4500000000000002 0 1 2.3500000000000001 0.25000000000000006 2 0.23879563104935445
decision_type=2 9 9 2 2 9 2
left_child=1 4 -3 5 -1 -2 -5
right_child=3 2 -4 6 -6 -7 -8
leaf_value=-0.034352597285841224 -0.0016432586582879644 -0.010677726262485537 0.0069516274403053331 -0.0083332761113125934 -0.010770945261076201 0.015601537051691466 0.052224734418338054
leaf_weight=1876.5676695108414 3545.2164877057076 21906.756027877331 40711.119628399611 127.19921924173832 16734.934911325574 9655.6503253281116 996.12457874417305
leaf_count=9280 14868 99762 151223 520 74604 35436 3321
internal_value=1.65127e-06 -0.00240826 0.000784028 0.0136678 -0.0131486 0.0109703 0.0453675
internal_weight=95553.6 81229.4 62617.9 14324.2 18611.5 13200.9 1123.32
internal_count=389014 334869 250985 54145 83884 50304 3841
cat_boundaries=0 1 2 3
cat_threshold=4 2 2
is_linear=0
shrinkage=0.15


Tree=17
num_leaves=8
num_cat=1
split_feature=5 3 4 6 10 5 3
split_gain=129.82 113.843 68.9471 46.2427 32.4374 19.1705 0.227868
threshold=6.3174782877935707 4.5000000000000009 0.25000000000000006 0 66.0479632063075 8.8672262169214608 4.5000000000000009
decision_type=2 2 2 9 8 2 2
left_child=1 3 -3 -1 5 -2 -6
right_child=4 2 -4 -5 6 -7 -8
leaf_value=-0.023064060797450037 0.022734957370053478 -0.01566682638834125 0.0049292188518906257 -0.0055671559704127882 -0.31773920966910424 0.048439203404108386 -0.38111657295381468
leaf_weight=3767.424568220973 2467.5157875195146 3947.7263922989368 49666.676120571792 34717.994748875499 2.6090266555547705 887.70258405059576 2.4990765452384949
leaf_count=17802 8511 16950 194627 148312 19 2774 19
internal_value=1.19436e-06 -0.00105541 0.00341269 -0.00727997 0.0289606 0.0295356 -0.348746
internal_weight=95460.1 92099.8 53614.4 38485.4 3360.33 3355.22 5.1081
internal_count=389014 377691 211577 166114 11323 11285 38
cat_boundaries=0 1
cat_threshold=1
is_linear=0
shrinkage=0.15


Tree=18
num_leaves=8
num_cat=3
split_feature=6 6 6 3 5 0 4
split_gain=105.454 190.038 196.19 45.6342 39.186 37.9449 28.4185
threshold=0 1 2 2.5000000000000004 5.4422817669003862 16.500000000000004 0.25000000000000006
decision_type=9 9 9 2 2 2 2
left_child=3 5 -3 6 -5 -2 -1
right_child=1 2 -4 4 -6 -7 -8
leaf_value=-0.06804437306194179 -0.0015233347656959208 -0.012175463511885301 0.012845271093700282 -0.008098819906874978 0.020213968466661174 -0.013067965177341363 -0.021068667048368933
leaf_weight=323.43830010294914 12048.417800024152 8602.3250984996557 39103.306341014802 17707.463718190789 1172.7314620018005 13678.141959428787 2782.7092231661081
leaf_count=1828 52636 38664 136641 78645 4249 63158 13193
internal_value=1.2145e-06 0.00272981 0.00833351 -0.00911203 -0.00634019 -0.00766131 -0.0259602
internal_weight=95418.5 73432.2 47705.6 21986.3 18880.2 25726.6 3106.15
internal_count=389014 291099 175305 97915 82894 115794 15021
cat_boundaries=0 1 2 3
cat_threshold=4 2 1
is_linear=0
shrinkage=0.15


Tree=19
num_leaves=8
num_cat=1
split_feature=4 5 5 5 3 3 6
split_gain=101.523 87.2994 50.7474 42.6729 38.1514 37.9243 28.0617
threshold=0.75000000000000011 1.1061083320534766 0.38085876209169511 7.5630414774264025 2.5000000000000004 9.5000000000000018 0
decision_type=2 2 2 2 2 2 9
left_child=2 5 6 -3 -4 -2 -1
right_child=1 3 4 -5 -6 -7 -8
leaf_value=-0.053948685980238657 -0.0041274919214420933 0.0075215693105648495 -0.018207517068809478 0.037530639968193731 -0.0017862396408447601 0.020457613552027291 -0.016411372236432027
leaf_weight=489.8686166703701 26147.979799687862 34181.766952887177 3696.721433326602 1100.5033107921481 22921.040525332093 1492.3134365677834 5254.5912745371461
leaf_count=2669 110039 131467 17088 3528 94777 5448 23998
internal_value=9.79251e-07 0.00351236 -0.00682627 0.00845759 -0.00406686 -0.00280013 -0.0196124
internal_weight=95284.8 62922.6 32362.2 35282.3 26617.8 27640.3 5744.46
internal_count=389014 250482 138532 134995 111865 115487 26667
cat_boundaries=0 1
cat_threshold=1
is_linear=0
shrinkage=0.15


Tree=20
num_leaves=8
num_cat=1
split_feature=3 5 5 4 6 2 10
split_gain=87.7787 71.9637 58.3547 25.3258 20.7651 19.6911 12.3337
threshold=8.5000000000000018 0.3410456789241248 6.8159698755481761 1.9500000000000002 0 1.0000000180025095e-35 64.487516425755601
decision_type=2 2 2 2 9 2 8
left_child=1 4 -3 5 -1 -2 -5
right_child=3 2 -4 6 -6 -7 -8
leaf_value=-0.029432060725559865 0.0093477699394348829 -0.00036146893357595086 0.024450164872747277 0.040147044429591827 -0.0094827634527712631 0.033108895456890539 0.16422898631882935
leaf_weight=1291.8394823521376 8284.6900926977396 69160.233790367842 2200.6535380706191 550.49479960650206 12867.81367700547 866.83568155765533 18.634372711181641
leaf_count=6474 30818 283285 7442 1774 56209 2977 35
internal_value=7.09009e-07 -0.00153457 0.000403681 0.0135078 -0.0113028 0.0115984 0.0442097
internal_weight=95241.2 85520.5 71360.9 9720.65 14159.7 9151.53 569.129
internal_count=389014 353410 290727 35604 62683 33795 1809
cat_boundaries=0 1
cat_threshold=1
is_linear=0
shrinkage=0.15


Tree=21
num_leaves=8
num_cat=2
split_feature=4 6 6 4 10 2 8
split_gain=82.4583 66.5511 104.096 36.8694 35.5184 28.2644 17.8178
threshold=1.4500000000000002 0 1 2.3500000000000001 6.028252299605783 1.5000000000000002 1.0000000180025095e-35
decision_type=2 9 9 2 10 2 2
left_child=1 4 -3 5 -1 -2 -5
right_child=3 2 -4 6 -6 -7 -8
leaf_value=-0.051570320666123617 0.0071693702302792189 -0.0078594140407810213 0.0049864931207514477 0.060915162827088011 -0.0087132177565362855 0.051295068834620018 0.021858569229295136
leaf_weight=445.82167840003967 12818.940474636853 21832.493509307504 40565.130542747676 423.80147311836481 18093.085897944868 335.15710680931807 691.8602005392313
leaf_count=2224 49201 99762 151223 1355 81660 1103 2486
internal_value=8.57307e-07 -0.00185272 0.0004918 0.0105142 -0.00974384 0.00829366 0.0366948
internal_weight=95206.3 80936.5 62397.6 14269.8 18538.9 13154.1 1115.66
internal_count=389014 334869 250985 54145 83884 50304 3841
cat_boundaries=0 1 2
cat_threshold=4 2
is_linear=0
shrinkage=0.15


Tree=22
num_leaves=8
num_cat=2
split_feature=4 3 6 5 6 4 7
split_gain=69.6049 57.6209 49.0669 29.9681 24.3329 13.3644 8.48135
threshold=0.35000000000000003 8.5000000000000018 0 8.8672262169214608 1 1.9500000000000002 34.45000000000001
decision_type=2 2 9 2 9 2 2
left_child=3 2 -2 4 -1 -3 -5
right_child=1 5 -4 6 -6 -7 -8
leaf_value=-0.034672389510879857 -0.0061012007437305947 0.011333540349003803 0.0024844162515408677 0.11352302432214514 -0.0097475499390865892 0.035199739281887202 0.030403567531113972
leaf_weight=965.93576465547085 20675.287175215781 8421.37825614959 54343.036210037768 47.996219284832478 10054.767142891884 563.22256692498922 65.065443314611912
leaf_count=4911 93031 30947 213665 113 44321 1809 217
internal_value=6.53946e-07 0.00147776 0.000118193 -0.0111439 -0.0119321 0.0128297 0.0656889
internal_weight=95136.7 84002.9 75018.3 11133.8 11020.7 8984.6 113.062
internal_count=389014 339452 306696 49562 49232 32756 330
cat_boundaries=0 1 2
cat_threshold=2 1
is_linear=0
shrinkage=0.15


Tree=23
num_leaves=8
num_cat=3
split_feature=6 6 6 4 2 0 5
split_gain=63.9442 90.8316 125.034 29.7353 26.0831 22.9762 18.6643
threshold=0 1 2 2.3500000000000001 1.5000000000000002 16.500000000000004 0.4469222544353747
decision_type=9 9 9 2 2 2 2
left_child=3 5 -3 4 -1 -2 -5
right_child=1 2 -4 6 -6 -7 -8
leaf_value=-0.0084487930108508719 -0.00028635469424687272 -0.010382431548313351 0.0096226206297539713 -0.048434666623591582 0.031067943894741802 -0.0092835939531018749 0.056363164919079757
leaf_weight=21246.185723222792 12023.927051268518 8577.810893766582 38947.380145438015 45.17629212141037 382.58724720031023 13620.15708180517 248.95218785107136
leaf_count=95363 52636 38664 136641 215 1508 63158 829
internal_value=5.8282e-07 0.00212972 0.00601191 -0.00710557 -0.00774979 -0.00506499 0.0402669
internal_weight=95092.2 73169.3 47525.2 21922.9 21628.8 25644.1 294.128
internal_count=389014 291099 175305 97915 96871 115794 1044
cat_boundaries=0 1 2 3
cat_threshold=4 2 1
is_linear=0
shrinkage=0.15


Tree=24
num_leaves=8
num_cat=3
split_feature=5 6 4 6 6 2 7
split_gain=62.9058 64.1121 40.3001 34.2858 44.9282 30.7413 24.2154
threshold=2.1239116605971913 0 0.95000000000000007 1 2 1.5000000000000002 69.550000000000011
decision_type=2 9 2 9 9 2 2
left_child=1 6 -3 5 -5 -2 -1
right_child=3 2 -4 4 -6 -7 -8
leaf_value=-0.0085807757879570127 -0.0051633351405960077 -0.0048330844712272556 0.0030503961821477742 -0.00043393241531028735 0.013238895609760756 0.059616660149827742 -0.028018603363792496
leaf_weight=3068.0653856098652 6839.751037068665 31405.16708303988 27248.976184561849 8417.537549495697 15120.894470348954 168.89497673511505 2720.921542994678
leaf_count=14245 28639 135798 108944 35157 52461 571 13199
internal_value=6.09257e-07 -0.00265702 -0.00117065 0.00560722 0.00834938 -0.00360226 -0.0177169
internal_weight=94990.2 64443.1 58654.1 30547.1 23538.4 7008.65 5788.99
internal_count=389014 272186 244742 116828 87618 29210 27444
cat_boundaries=0 1 2 3
cat_threshold=1 4 2
is_linear=0
shrinkage=0.15


end of trees

feature_importances:
mother_education=55
distance_to_anganwadi=44
illness_frequency_90d=37
missed_meals_30d=22
consecutive_absence_days=4
age_months=4
caregiver_engagement_score=3
recent_illness=3
attendance_last_30d=2
home_visit_received=1

parameters:
[boosting: gbdt]
[objective: binary]
[metric: binary_logloss]
[tree_learner: serial]
[device_type: cpu]
[data_sample_strategy: bagging]
[data: ]
[valid: ]
[num_iterations: 25]
[learning_rate: 0.15]
[num_leaves: 12]
[num_threads: 4]
[seed: 42]
[deterministic: 0]
[force_col_wise: 0]
[force_row_wise: 0]
[histogram_pool_size: -1]
[max_depth: 3]
[min_data_in_leaf: 15]
[min_sum_hessian_in_leaf: 0.001]
[bagging_fraction: 1]
[pos_bagging_fraction: 1]
[neg_bagging_fraction: 1]
[bagging_freq: 0]
[bagging_seed: 400]
[bagging_by_query: 0]
[feature_fraction: 1]
[feature_fraction_bynode: 1]
[feature_fraction_seed: 30056]
[extra_trees: 0]
[extra_seed: 12879]
[early_stopping_round: 0]
[early_stopping_min_delta: 0]
[first_metric_only: 0]
[max_delta_step: 0]
[lambda_l1: 0]
[lambda_l2: 0]
[linear_lambda: 0]
[min_gain_to_split: 0]
[drop_rate: 0.1]
[max_drop: 50]
[skip_drop: 0.5]
[xgboost_dart_mode: 0]
[uniform_drop: 0]
[drop_seed: 17869]
[top_rate: 0.2]
[other_rate: 0.1]
[min_data_per_group: 100]
[max_cat_threshold: 32]
[cat_l2: 10]
[cat_smooth: 10]
[max_cat_to_onehot: 4]
[top_k: 20]
[monotone_constraints: ]
[monotone_constraints_method: basic]
[monotone_penalty: 0]
[feature_contri: ]
[forcedsplits_filename: ]
[refit_decay_rate: 0.9]
[cegb_tradeoff: 1]
[cegb_penalty_split: 0]
[cegb_penalty_feature_lazy: ]
[cegb_penalty_feature_coupled: ]
[path_smooth: 0]
[interaction_constraints: ]
[verbosity: -1]
[saved_feature_importance_type: 0]
[use_quantized_grad: 0]
[num_grad_quant_bins: 4]
[quant_train_renew_leaf: 0]
[stochastic_rounding: 1]
[linear_tree: 0]
[max_bin: 255]
[max_bin_by_feature: ]
[min_data_in_bin: 3]
[bin_construct_sample_cnt: 200000]
[data_random_seed: 175]
[is_enable_sparse: 1]
[enable_bundle: 1]
[use_missing: 1]
[zero_as_missing: 0]
[feature_pre_filter: 1]
[pre_partition: 0]
[two_round: 0]
[header: 0]
[label_column: ]
[weight_column: ]
[group_column: ]
[ignore_column: ]
[categorical_feature: 6]
[forcedbins_filename: ]
[precise_float_parser: 0]
[parser_config_file: ]
[objective_seed: 16083]
[num_class: 1]
[is_unbalance: 0]
[scale_pos_weight: 1]
[sigmoid: 1]
[boost_from_average: 1]
[reg_sqrt: 0]
[alpha: 0.9]
[fair_c: 1]
[poisson_max_delta_step: 0.7]
[tweedie_variance_power: 1.5]
[lambdarank_truncation_level: 30]
[lambdarank_norm: 1]
[label_gain: ]
[lambdarank_position_bias_regularization: 0]
[eval_at: ]
[multi_error_top_k: 1]
[auc_mu_weights: ]
[num_machines: 1]
[local_listen_port: 12400]
[time_out: 120]
[machine_list_filename: ]
[machines: ]
[gpu_platform_id: -1]
[gpu_device_id: -1]
[gpu_use_dp: 0]
[num_gpu: 1]

end of parameters

pandas_categorical:[]
