tree
version=v4
num_class=3
num_tree_per_iteration=3
label_index=0
max_feature_idx=7
objective=multiclass num_class:3
feature_names=zwei zwfl zbmi meal_completion_pct missed_meals_30d illness_frequency_90d vitamin_A_status deworming_status
feature_infos=[-11.199999999999999:7375.6999999999998] [-14.6:122.59999999999999] [-16.800000000000001:inf] [0:100] [0:20] [0:3] [0:1] [0:1]
tree_sizes=795 786 687 917 908 898 1036 916 1007 1031 910 904 1033 910 903 1035 913 794 1039 1027 803 1036 1023 907 1042 918 912 1038 1030 803

Tree=0
num_leaves=6
num_cat=0
split_feature=0 1 3 2 0
split_gain=200554 58789.1 2.91038e-11 1.45519e-11 9.09495e-13
threshold=-1.0499999999999998 -1.0499999999999998 55.850000000000001 1.3500000000000003 5.8500000000000005
decision_type=8 8 2 10 10
left_child=3 4 -3 -1 -2
right_child=1 2 -4 -5 -6
leaf_value=-1.1986122996594848 -1.1986122996594848 -0.89861229965948475 -0.89861229965948475 -1.1986122996594848 -1.1986122996594848
leaf_weight=62708.555769175291 7682.0159703493118 13327.814694330096 29895.962024495006 16043.975305259228 13.010701984167097
leaf_count=146959 18241 57423 128807 37553 31
internal_value=-1.09861 -0.943949 -0.898612 -1.19861 -1.19861
internal_weight=129671 50918.8 43223.8 78752.5 7695.03
internal_count=389014 204502 186230 184512 18272
is_linear=0
shrinkage=1


Tree=1
num_leaves=6
num_cat=0
split_feature=0 0 1 1 3
split_gain=57173.1 127920 31294.1 29381.6 7.27596e-12
threshold=-2.0499999999999994 -1.0499999999999998 -1.0499999999999998 -2.0499999999999994 79.15000000000002
decision_type=10 10 8 8 2
left_child=4 3 -3 -2 -1
right_child=1 2 -4 -5 -6
leaf_value=-1.1986122560028762 -1.1986122560028762 -0.97889483720742343 -1.1986122560028762 -0.89861227035362501 -1.1986122560028762
leaf_weight=27221.729560166597 3575.1260250806808 7695.0266723334789 41134.657229870558 37588.008968383074 12456.78878480196
leaf_count=64927 8165 18272 177229 90499 29922
internal_value=-1.09861 -1.05452 -1.16399 -0.924668 -1.19861
internal_weight=129671 89992.8 48829.7 41163.1 39678.5
internal_count=389014 294165 195501 98664 94849
is_linear=0
shrinkage=1


Tree=2
num_leaves=5
num_cat=0
split_feature=0 1 0 3
split_gain=211736 47606.6 1.01863e-10 2.91038e-11
threshold=-2.0499999999999994 -2.0499999999999994 -1.0499999999999998 77.15000000000002
decision_type=8 8 10 2
left_child=3 -2 -3 -1
right_child=1 2 -4 -5
leaf_value=-0.89861231034196898 -0.89861231034196898 -1.1986123035443998 -1.1986123094773462 -0.89861231034196898
leaf_weight=24489.503806829453 5634.3811011314392 39677.131098255515 46770.426185235381 13099.892274141312
leaf_count=55930 12868 99500 190798 29918
internal_value=-1.09861 -1.18026 -1.19861 -0.898612
internal_weight=129671 92081.9 86447.6 37589.4
internal_count=389014 303166 290298 85848
is_linear=0
shrinkage=1


Tree=3
num_leaves=7
num_cat=0
split_feature=0 1 1 0 0 1
split_gain=158942 42772.7 2.21614 1.45519e-11 1.45519e-11 1.81899e-12
threshold=-1.0499999999999998 -1.0499999999999998 -2.0499999999999994 -1.2499999999999998 440.30000000000007 4.3500000000000005
decision_type=8 8 10 10 10 10
left_child=3 2 -2 -1 -3 -5
right_child=1 4 -4 5 -6 -7
leaf_value=-0.095037165918966812 -0.092351320907209697 0.16544242477722026 -0.096352699855569587 -0.095037166837127096 0.16544242477722026 -0.095037166918415836
leaf_weight=64062.238036006689 1860.4539176225662 46788.085676550865 5406.2864221036434 10037.574440419674 7.0357267856597892 110.7626266181469
leaf_count=158647 4703 186202 13569 25582 28 283
internal_value=-2.79878e-05 0.130391 -0.0953283 -0.0950372 0.165442 -0.0950372
internal_weight=128272 54061.9 7266.74 74210.6 46795.1 10148.3
internal_count=389014 204502 18272 184512 186230 25865
is_linear=0
shrinkage=0.1


Tree=4
num_leaves=7
num_cat=0
split_feature=0 0 1 1 0 3
split_gain=47680.5 96814.5 26066 21110.4 1.45519e-11 2.27374e-13
threshold=-2.0499999999999994 -1.0499999999999998 -1.0499999999999998 -2.0499999999999994 -10.999999999999998 99.950000000000017
decision_type=10 10 8 8 10 2
left_child=4 3 -3 -2 5 -1
right_child=1 2 -4 -5 -6 -7
leaf_value=-0.095037169968275381 -0.0950371652467943 0.10224577720651991 -0.095037169973537186 0.16544242677784338 -0.0950371652467943 -0.095037169956989909
leaf_weight=1853.2488608658314 3368.9350540935993 8096.0403187572956 38762.265223518014 40693.699715852737 35418.998519718647 117.86142407357693
leaf_count=8469 8165 18272 177229 90499 85842 538
internal_value=2.15912e-05 0.0391133 -0.0609512 0.145527 -0.0950372 -0.0950372
internal_weight=128311 90920.9 46858.3 44062.6 37390.1 1971.11
internal_count=389014 294165 195501 98664 94849 9007
is_linear=0
shrinkage=0.1


Tree=5
num_leaves=7
num_cat=0
split_feature=0 1 0 2 0 0
split_gain=163121 39490.9 20.4955 0.298587 2.91038e-11 1.42109e-14
threshold=-2.0499999999999994 -2.0499999999999994 -1.0499999999999998 -1.0499999999999998 -9.0499999999999989 -9.9499999999999975
decision_type=8 8 10 8 10 10
left_child=4 2 -2 -3 5 -1
right_child=1 3 -4 -5 -6 -7
leaf_value=0.16544242761144473 0.16544242761144473 -0.095549507087411945 0.17757825815837364 -0.095038254415320544 0.16544242761144473 0.16544242761144473
leaf_weight=20.38362780213356 3870.5190931260586 13737.437092900276 2172.8450658023357 67819.915084511042 40657.278821706772 17.539400666952133
leaf_count=43 8165 36101 4703 254197 85768 37
internal_value=6.38692e-06 -0.0768475 0.169806 -0.0951244 0.165442 0.165442
internal_weight=128296 87600.7 6043.36 81557.4 40695.2 37.923
internal_count=389014 303166 12868 290298 85848 80
is_linear=0
shrinkage=0.1


Tree=6
num_leaves=8
num_cat=0
split_feature=0 1 1 2 2 0 0
split_gain=128843 32835.2 4.72692 2.73167e-05 2.98149e-06 5.74658e-06 1.16415e-10
threshold=-1.0499999999999998 -1.0499999999999998 -2.0499999999999994 -1.0499999999999998 -1.0499999999999998 -2.0499999999999994 -2.0499999999999994
decision_type=8 8 10 8 10 10 10
left_child=4 2 -2 -3 5 -1 -6
right_child=1 3 -4 -5 6 -7 -8
leaf_value=-0.090895765867957071 -0.086982729230273975 0.14277185910730172 -0.093119495339545222 0.14279131688738775 -0.090895765867957071 -0.090898912548705205 -0.090895775988675667
leaf_weight=13130.150261819363 1658.8415636122227 732.59573823213577 5157.8121601939201 47680.826765656471 19940.031333506107 10401.08849927783 25813.809299826622
leaf_count=34085 4703 2818 13569 183412 51763 28020 70644
internal_value=-7.49682e-05 0.113859 -0.0916261 0.142791 -0.0908962 -0.0908972 -0.0908958
internal_weight=124515 55230.1 6816.65 48413.4 69285.1 23531.2 45753.8
internal_count=389014 204502 18272 186230 184512 62105 122407
is_linear=0
shrinkage=0.1


Tree=7
num_leaves=7
num_cat=0
split_feature=0 0 1 1 0 0
split_gain=40096.6 75764.7 21945.9 15981.8 1.45519e-11 4.54747e-13
threshold=-2.0499999999999994 -1.0499999999999998 -1.0499999999999998 -2.0499999999999994 -8.1499999999999968 -10.449999999999998
decision_type=10 10 8 8 10 10
left_child=4 3 -3 -2 5 -1
right_child=1 2 -4 -5 -6 -7
leaf_value=-0.09089577290133298 -0.090895765867957071 0.089049558510272381 -0.090895851830175026 0.14278704050349197 -0.090895765867957071 -0.090895765867957071
leaf_weight=1843.3492290973663 3145.3037080168724 8339.3392134308815 36189.266161203384 42101.143922865391 33017.406750500202 47.381794989109039
leaf_count=9015 8165 18272 177229 90499 85711 123
internal_value=4.62077e-05 0.0354081 -0.0571956 0.126543 -0.0908958 -0.0908958
internal_weight=124683 89775.1 44528.6 45246.4 34908.1 1890.73
internal_count=389014 294165 195501 98664 94849 9138
is_linear=0
shrinkage=0.1


Tree=8
num_leaves=8
num_cat=0
split_feature=0 1 0 2 0 1 1
split_gain=129599 33426.1 49.9964 0.832245 1.45519e-11 1.45519e-11 9.09495e-13
threshold=-2.0499999999999994 -2.0499999999999994 -1.0499999999999998 -1.0499999999999998 -2.1499999999999999 5.5500000000000007 4.4500000000000011
decision_type=8 8 10 8 10 10 10
left_child=4 2 -2 -3 5 -1 -6
right_child=1 3 -4 -5 6 -7 -8
leaf_value=0.14279136281100169 0.14279136281100169 -0.091777897488551807 0.16143026160115684 -0.090897657534160139 0.14279136281100169 0.14279136281100169 0.14279136281100169
leaf_weight=38497.379424482584 4004.370905905962 12935.393889755011 2246.4824958741665 63319.151394277811 3032.3362291753292 529.17528566718102 43.648378521203995
leaf_count=78497 8165 36101 4703 254197 6183 1079 89
internal_value=2.8674e-05 -0.0728232 0.14949 -0.091047 0.142791 0.142791 0.142791
internal_weight=124608 82505.4 6250.85 76254.5 42102.5 39026.6 3075.98
internal_count=389014 303166 12868 290298 85848 79576 6272
is_linear=0
shrinkage=0.1


Tree=9
num_leaves=8
num_cat=0
split_feature=0 1 1 2 2 0 0
split_gain=106033 26131.8 5.88889 0.00011992 1.06646e-05 2.10845e-05 7.0213e-09
threshold=-1.0499999999999998 -1.0499999999999998 -2.0499999999999994 -1.0499999999999998 -1.0499999999999998 -2.0499999999999994 -2.0499999999999994
decision_type=8 8 10 8 10 10 10
left_child=4 2 -2 -3 5 -1 -6
right_child=1 3 -4 -5 6 -7 -8
leaf_value=-0.087418311165593079 -0.083041238792840463 0.12688687244716854 -0.09026411618313801 0.12692760430821165 -0.087418311165593079 -0.087424574699372204 -0.08741839326657086
leaf_weight=12158.148050010204 1466.9444223344326 733.91233885288239 4896.7665394842625 47768.962219357491 18463.905457317829 9632.0552881062031 23902.904649138451
leaf_count=34085 4703 2818 13569 183412 51763 28020 70644
internal_value=-0.000134893 0.101929 -0.0885991 0.126927 -0.0874193 -0.0874211 -0.0874184
internal_weight=119024 54866.6 6363.71 48502.9 64157 21790.2 42366.8
internal_count=389014 204502 18272 186230 184512 62105 122407
is_linear=0
shrinkage=0.1


Tree=10
num_leaves=7
num_cat=0
split_feature=0 0 1 1 2 0
split_gain=33930.2 60642.7 18625.1 12515.7 5.45697e-11 4.54747e-13
threshold=-2.0499999999999994 -1.0499999999999998 -1.0499999999999998 -2.0499999999999994 741.65000000000009 -4.0499999999999989
decision_type=10 10 8 8 8 10
left_child=4 3 -3 -2 -1 -6
right_child=1 2 -4 -5 5 -7
leaf_value=-0.087418319520583945 -0.087418335233953398 0.078709330639945299 -0.087418483033545061 0.12691864899542998 -0.08741833670917179 -0.087418319520583945
leaf_weight=30603.861764609814 2912.464042454958 8450.4281955361366 33510.325421154499 42178.488026440144 1705.819778367877 14.268033504486082
leaf_count=85797 8165 18272 177229 90499 9012 40
internal_value=7.23289e-05 0.0325593 -0.0539622 0.113074 -0.0874183 -0.0874183
internal_weight=119376 87051.7 41960.8 45091 32323.9 1720.09
internal_count=389014 294165 195501 98664 94849 9052
is_linear=0
shrinkage=0.1


Tree=11
num_leaves=7
num_cat=0
split_feature=0 1 0 2 0 0
split_gain=105062 28679.7 72.0224 1.32459 1.45519e-11 7.27596e-12
threshold=-2.0499999999999994 -2.0499999999999994 -1.0499999999999998 -1.0499999999999998 -2.1499999999999999 -8.2499999999999982
decision_type=8 8 10 8 10 10
left_child=4 2 -2 -3 5 -1
right_child=1 3 -4 -5 -6 -7
leaf_value=0.12692769583662719 0.12692760205449785 -0.088570088303718486 0.14915265977336586 -0.087420838068559797 0.12692769583662719 0.12692769583662719
leaf_weight=59.451874524354935 4011.7726992070675 12098.20595562458 2290.6018817722797 58633.047200649977 3081.6707191467285 39039.245374649763
leaf_count=121 8165 36101 4703 254197 6272 79455
internal_value=6.2255e-05 -0.0694039 0.135005 -0.0876174 0.126928 0.126928
internal_weight=119214 77033.6 6302.37 70731.3 42180.4 39098.7
internal_count=389014 303166 12868 290298 85848 79576
is_linear=0
shrinkage=0.1


Tree=12
num_leaves=8
num_cat=0
split_feature=0 1 1 2 2 0 0
split_gain=88208.2 21340.2 5.97566 0.000244126 1.72009e-05 3.49493e-05 3.77258e-08
threshold=-1.0499999999999998 -1.0499999999999998 -2.0499999999999994 -1.0499999999999998 -1.0499999999999998 -2.0499999999999994 -2.0499999999999994
decision_type=8 8 10 8 10 10 10
left_child=4 2 -2 -3 5 -1 -6
right_child=1 3 -4 -5 6 -7 -8
leaf_value=-0.084484734730572608 -0.080051857623223768 0.11524256997865785 -0.08774723833779291 0.11530133947598589 -0.084484734730572608 -0.084493145089551414 -0.084484933205201784
leaf_weight=11176.9639120996 1290.366523951292 717.67910754680634 4629.0310423672199 46719.628854036331 16973.835498958826 8855.7436536252499 21973.992894887924
leaf_count=34085 4703 2818 13569 183412 51763 28020 70644
internal_value=-0.000204489 0.0929604 -0.0860697 0.1153 -0.0844861 -0.0844885 -0.0844848
internal_weight=112337 53356.7 5919.4 47437.3 58980.5 20032.7 38947.8
internal_count=389014 204502 18272 186230 184512 62105 122407
is_linear=0
shrinkage=0.1


Tree=13
num_leaves=7
num_cat=0
split_feature=0 0 1 1 0 3
split_gain=28853.7 49329.7 15905.2 10034.1 8.36735e-11 2.27374e-13
threshold=-2.0499999999999994 -1.0499999999999998 -1.0499999999999998 -2.0499999999999994 -10.999999999999998 98.950000000000017
decision_type=10 10 8 8 10 2
left_child=4 3 -3 -2 5 -1
right_child=1 2 -4 -5 -6 -7
leaf_value=-0.084484757971825752 -0.084484784557373863 0.070369841472364511 -0.084484960354449676 0.11528840173064631 -0.084484734730572608 -0.084484757925974388
leaf_weight=1460.5078631192446 2677.4253498017788 8452.5582261383533 30806.081425949931 41250.54963350296 28148.831924378872 106.010259360075
leaf_count=8398 8165 18272 177229 90499 85842 609
internal_value=9.89296e-05 0.0303133 -0.051144 0.103112 -0.0844847 -0.0844848
internal_weight=112902 83186.6 39258.6 43928 29715.4 1566.52
internal_count=389014 294165 195501 98664 94849 9007
is_linear=0
shrinkage=0.1


Tree=14
num_leaves=7
num_cat=0
split_feature=0 1 0 2 1 1
split_gain=86381.3 24853.5 84.8304 1.68635 7.27596e-12 2.27374e-13
threshold=-2.0499999999999994 -2.0499999999999994 -1.0499999999999998 -1.0499999999999998 -5.9499999999999993 -8.2499999999999982
decision_type=8 8 10 8 8 10
left_child=4 2 -2 -3 5 -1
right_child=1 3 -4 -5 -6 -7
leaf_value=0.11530147864644219 0.11530125436628731 -0.085833866845385756 0.1394483790958444 -0.08448777202653085 0.11530147864644219 0.11530147864644219
leaf_weight=102.83659476041794 3923.6456604301929 11248.949380934238 2312.2070347964764 53902.678658172488 40465.238948553801 685.73748001456261
leaf_count=214 8165 36101 4703 254197 84207 1427
internal_value=0.000104778 -0.0664658 0.124255 -0.0847202 0.115301 0.115301
internal_weight=112641 71387.5 6235.85 65151.6 41253.8 788.574
internal_count=389014 303166 12868 290298 85848 1641
is_linear=0
shrinkage=0.1


Tree=15
num_leaves=8
num_cat=0
split_feature=0 1 1 2 2 0 0
split_gain=73973.2 17766.4 5.4663 0.000356742 1.95244e-05 4.08951e-05 9.7687e-08
threshold=-1.0499999999999998 -1.0499999999999998 -2.0499999999999994 -1.0499999999999998 -1.0499999999999998 -2.0499999999999994 -2.0499999999999994
decision_type=8 8 10 8 10 10 10
left_child=4 2 -2 -3 5 -1 -6
right_child=1 3 -4 -5 6 -7 -8
leaf_value=-0.082000147047177285 -0.077728388654768665 0.10642130520200088 -0.085530066334648144 0.1064938244473515 -0.082000147047177285 -0.082009665435618828 -0.082000481204092632
leaf_weight=10210.127105116844 1131.083708524704 688.75689315795898 4359.7033815979958 44848.978034213185 15505.554036736488 8090.6352218985558 20073.332902908325
leaf_count=34085 4703 2818 13569 183412 51763 28020 70644
internal_value=-0.00028204 0.0860036 -0.0839229 0.106493 -0.0820017 -0.0820044 -0.0820003
internal_weight=104908 51028.5 5490.79 45537.7 53879.6 18300.8 35578.9
internal_count=389014 204502 18272 186230 184512 62105 122407
is_linear=0
shrinkage=0.1


Tree=16
num_leaves=7
num_cat=0
split_feature=0 0 1 1 0 0
split_gain=24635 40615.4 13650.3 8183.08 1.52795e-10 3.41061e-13
threshold=-2.0499999999999994 -1.0499999999999998 -1.0499999999999998 -2.0499999999999994 -10.449999999999998 -10.449999999999998
decision_type=10 10 8 8 10 8
left_child=4 3 -3 -2 5 -1
right_child=1 2 -4 -5 -6 -7
leaf_value=-0.082000147047177258 -0.082000215297183252 0.063483670157461383 -0.082000412518892049 0.10647785627433692 -0.082000143863833155 -0.082000177368110619
leaf_weight=4.19368577003479 2445.8240209519863 8366.7274308204651 28141.373927086592 39596.517211854458 25711.490013837814 1429.2135954648256
leaf_count=14 8165 18272 177229 90499 85834 9001
internal_value=0.000125407 0.0285058 -0.0486592 0.0955131 -0.0820001 -0.0820002
internal_weight=105695 78550.4 36508.1 42042.3 27144.9 1433.41
internal_count=389014 294165 195501 98664 94849 9015
is_linear=0
shrinkage=0.1


Tree=17
num_leaves=6
num_cat=0
split_feature=0 1 0 2 1
split_gain=71762.4 21705.5 90.0557 1.90676 7.27596e-12
threshold=-2.0499999999999994 -2.0499999999999994 -1.0499999999999998 -1.0499999999999998 11.750000000000002
decision_type=8 8 10 8 10
left_child=4 2 -2 -3 -1
right_child=1 3 -4 -5 -6
leaf_value=0.10649399220184977 0.10649365114077254 -0.083493403972147689 0.13155150259067358 -0.082003609630996344 0.10649399220184977
leaf_weight=39552.679808706045 3766.5401764214039 10406.629241883755 2316.236924380064 49241.470807880163 49.359544903039932
leaf_count=85741 8165 36101 4703 254197 107
internal_value=0.000155062 -0.0639128 0.116035 -0.0822635 0.106494
internal_weight=105333 65730.9 6082.78 59648.1 39602
internal_count=389014 303166 12868 290298 85848
is_linear=0
shrinkage=0.1


Tree=18
num_leaves=8
num_cat=0
split_feature=0 1 1 2 2 0 0
split_gain=62421.4 15012.9 4.70915 0.00043275 1.81439e-05 3.93997e-05 1.79778e-07
threshold=-1.0499999999999998 -1.0499999999999998 -2.0499999999999994 -1.0499999999999998 -1.0499999999999998 -2.0499999999999994 -2.0499999999999994
decision_type=8 8 10 8 10 10 10
left_child=4 2 -2 -3 5 -1 -6
right_child=1 3 -4 -5 6 -7 -8
leaf_value=-0.079888364823266944 -0.075887844839251539 0.099569537581117959 -0.083576286699126395 0.099651680238114937 -0.079888364823266944 -0.079898166643136717 -0.079888840438510189
leaf_weight=9275.555539727211 989.1751666367054 651.20265978574753 4093.0056916773319 42419.885477870703 14086.272008299828 7350.8545769751072 18236.130423903465
leaf_count=34085 4703 2818 13569 183412 51763 28020 70644
internal_value=-0.000366759 0.0804703 -0.0820798 0.0996504 -0.07989 -0.0798927 -0.0798886
internal_weight=97102.1 48153.3 5082.18 43071.1 48948.8 16626.4 32322.4
internal_count=389014 204502 18272 186230 184512 62105 122407
is_linear=0
shrinkage=0.1


Tree=19
num_leaves=8
num_cat=0
split_feature=0 0 1 1 0 0 3
split_gain=21102.5 33754.5 11763.2 6759.86 1.76442e-10 1.81899e-12 1.13687e-13
threshold=-2.0499999999999994 -1.0499999999999998 -1.0499999999999998 -2.0499999999999994 -10.999999999999998 -8.4499999999999975 99.65000000000002
decision_type=10 10 8 8 10 10 2
left_child=4 3 -3 -2 6 -6 -1
right_child=1 2 -4 -5 5 -7 -8
leaf_value=-0.079888407939817871 -0.079888438638129819 0.057684417140397751 -0.079888650858196436 0.099633581350669784 -0.079888370240762646 -0.079888370298376699 -0.079888407842280018
leaf_weight=1219.4061870574951 2221.9512856006622 8211.5348106324673 25565.573153913021 37448.734638154507 25.580232381820679 23334.614534854889 80.619283586740494
leaf_count=8449 8165 18272 177229 90499 94 85748 558
internal_value=0.000151434 0.0270249 -0.0464433 0.0895786 -0.0798884 -0.0798884 -0.0798884
internal_weight=98108 73447.8 33777.1 39670.7 24660.2 23360.2 1300.03
internal_count=389014 294165 195501 98664 94849 85842 9007
is_linear=0
shrinkage=0.1


Tree=20
num_leaves=6
num_cat=0
split_feature=0 1 0 2 0
split_gain=60087.5 19076.1 89.8044 2.0052 7.27596e-12
threshold=-2.0499999999999994 -2.0499999999999994 -1.0499999999999998 -1.0499999999999998 -2.5499999999999994
decision_type=8 8 10 8 10
left_child=4 2 -2 -3 -1
right_child=1 3 -4 -5 -6
leaf_value=0.099651868766929122 0.09965144373534833 -0.081485924179801855 0.12497861717381574 -0.079892184397976213 0.099651868766929122
leaf_weight=25529.059188365936 3562.5336323678493 9586.1001912951469 2306.3092285990715 44735.777793526649 11928.104940891266
leaf_count=58510 8165 36101 4703 254197 27338
internal_value=0.000212561 -0.0616693 0.109604 -0.0801734 0.0996519
internal_weight=97647.9 60190.7 5868.84 54321.9 37457.2
internal_count=389014 303166 12868 290298 85848
is_linear=0
shrinkage=0.1


Tree=21
num_leaves=8
num_cat=0
split_feature=0 1 1 2 2 0 0
split_gain=52931 12836.9 3.90738 0.000466165 1.48141e-05 3.343e-05 2.53491e-07
threshold=-1.0499999999999998 -1.0499999999999998 -2.0499999999999994 -1.0499999999999998 -1.0499999999999998 -2.0499999999999994 -2.0499999999999994
decision_type=8 8 10 8 10 10 10
left_child=4 2 -2 -3 5 -1 -6
right_child=1 3 -4 -5 6 -7 -8
leaf_value=-0.078087693680194734 -0.074407670455236941 0.094142473180444941 -0.081852986671567707 0.094230683453308026 -0.078087693680194734 -0.07809718895136511 -0.078088287638894166
leaf_weight=8386.0931448638439 863.76027098298073 608.29539552330971 3832.288702994585 39644.222824856639 12735.494776517153 6646.5719516575336 16487.621298730373
leaf_count=34085 4703 2818 13569 183412 51763 28020 70644
internal_value=-0.000458395 0.075976 -0.0804835 0.0942294 -0.0780893 -0.0780919 -0.078088
internal_weight=89204.3 44948.6 4696.05 40252.5 44255.8 15032.7 29223.1
internal_count=389014 204502 18272 186230 184512 62105 122407
is_linear=0
shrinkage=0.1


Tree=22
num_leaves=8
num_cat=0
split_feature=0 0 1 1 2 0 3
split_gain=18126.5 28260.5 10171.6 5640 1.47338e-10 1.81899e-12 1.13687e-13
threshold=-2.0499999999999994 -1.0499999999999998 -1.0499999999999998 -2.0499999999999994 85694.000000000015 -8.1499999999999968 98.850000000000009
decision_type=10 10 8 8 8 10 2
left_child=4 3 -3 -2 5 -1 -6
right_child=1 2 -4 -5 6 -7 -8
leaf_value=-0.078087693622072463 -0.078087773548525544 0.052718151318444165 -0.078087978408921746 0.094211249566526892 -0.078087729849199539 -0.078087693680194734 -0.078087729906155715
leaf_weight=33.706755399703979 2008.8835186511278 8003.111004024744 23114.083583146334 34994.581526726484 1095.401864618063 21086.15892291069 80.206650048494339
leaf_count=137 8165 18272 177229 90499 8393 85704 615
internal_value=0.000176838 0.0257923 -0.0444456 0.0848573 -0.0780877 -0.0780877 -0.0780877
internal_weight=90416.1 68120.7 31117.2 37003.5 22295.5 21119.9 1175.61
internal_count=389014 294165 195501 98664 94849 85841 9008
is_linear=0
shrinkage=0.1


Tree=23
num_leaves=7
num_cat=0
split_feature=0 1 0 2 0 1
split_gain=50619.1 16853.9 85.9035 2.00933 7.27596e-12 2.84217e-14
threshold=-2.0499999999999994 -2.0499999999999994 -1.0499999999999998 -1.0499999999999998 -7.7499999999999991 -8.5499999999999989
decision_type=8 8 10 8 10 10
left_child=4 2 -2 -3 5 -1
right_child=1 3 -4 -5 -6 -7
leaf_value=0.094230894970289872 0.094230414058115386 -0.079759285985559633 0.11940843529270334 -0.07809179430090897 0.094230894741992755 0.094230894741992755
leaf_weight=73.806435972452164 3329.420700520277 8798.3601907938719 2285.1570737361908 40447.51462353766 34907.182136625051 25.281762659549713
leaf_count=181 8165 36101 4703 254197 85605 62
internal_value=0.000277099 -0.0596745 0.104478 -0.0783897 0.0942309 0.0942309
internal_weight=89866.7 54860.5 5614.58 49245.9 35006.3 99.0882
internal_count=389014 303166 12868 290298 85848 243
is_linear=0
shrinkage=0.1


Tree=24
num_leaves=8
num_cat=0
split_feature=0 1 1 2 2 0 0
split_gain=45058.4 11081.8 3.16299 0.000463035 1.10645e-05 2.60599e-05 3.0599e-07
threshold=-1.0499999999999998 -1.0499999999999998 -2.0499999999999994 -1.0499999999999998 -1.0499999999999998 -2.0499999999999994 -2.0499999999999994
decision_type=8 8 10 8 10 10 10
left_child=4 2 -2 -3 5 -1 -6
right_child=1 3 -4 -5 6 -7 -8
leaf_value=-0.076547821362260002 -0.073202694192787063 0.089776144740771391 -0.080330916549828768 0.089867558120540883 -0.076547821362260002 -0.076556656548816104 -0.076548509105043613
leaf_weight=7550.2569975703955 753.51331515610218 562.6049784719944 3580.0981580615044 36687.730534076691 11466.156754150987 5984.5618313550949 14844.534379005432
leaf_count=34085 4703 2818 13569 183412 51763 28020 70644
internal_value=-0.000557004 0.0722585 -0.0790915 0.0898662 -0.0765494 -0.0765517 -0.0765482
internal_weight=81429.5 41583.9 4333.61 37250.3 39845.5 13534.8 26310.7
internal_count=389014 204502 18272 186230 184512 62105 122407
is_linear=0
shrinkage=0.1


Tree=25
num_leaves=7
num_cat=0
split_feature=0 0 1 1 0 0
split_gain=15606.3 23802.1 8820.96 4742.8 1.05501e-10 3.41061e-13
threshold=-2.0499999999999994 -1.0499999999999998 -1.0499999999999998 -2.0499999999999994 -10.449999999999998 -10.449999999999998
decision_type=10 10 8 8 10 8
left_child=4 3 -3 -2 5 -1
right_child=1 2 -4 -5 -6 -7
leaf_value=-0.076547821362259974 -0.076547899650110426 0.048404027886421404 -0.076548090021483772 0.089847434277190344 -0.076547821362260002 -0.076547853544478919
leaf_weight=3.1011764109134674 1808.6610921472311 7755.1690168380737 20810.380963847041 32380.697102308273 19013.312575310469 1056.8862458989024
leaf_count=14 8165 18272 177229 90499 85834 9001
internal_value=0.000201531 0.0247512 -0.0426252 0.0810449 -0.0765478 -0.0765479
internal_weight=82828.2 62754.9 28565.5 34189.4 20073.3 1059.99
internal_count=389014 294165 195501 98664 94849 9015
is_linear=0
shrinkage=0.1


Tree=26
num_leaves=7
num_cat=0
split_feature=0 1 0 2 0 1
split_gain=42847.1 14958.2 79.7648 1.94594 3.63798e-12 3.63798e-12
threshold=-2.0499999999999994 -2.0499999999999994 -1.0499999999999998 -1.0499999999999998 -2.2499999999999996 3.7500000000000004
decision_type=8 8 10 8 10 10
left_child=4 2 -2 -3 5 -1
right_child=1 3 -4 -5 -6 -7
leaf_value=0.089867779864996264 0.089867269856982401 -0.078270107550471715 0.1146184858279463 -0.076552161354725451 0.089867779864400504 0.089867779864400504
leaf_weight=26973.401800781488 3081.1216579377651 8051.036584764719 2254.899263381958 36417.722061410546 4560.4102011024952 861.89299952983856
leaf_count=71479 8165 36101 4703 254197 12085 2284
internal_value=0.000348713 -0.0578793 0.100327 -0.0768632 0.0898678 0.0898678
internal_weight=82200.5 49804.8 5336.02 44468.8 32395.7 27835.3
internal_count=389014 303166 12868 290298 85848 73763
is_linear=0
shrinkage=0.1


Tree=27
num_leaves=8
num_cat=0
split_feature=0 1 1 2 2 0 0
split_gain=38476.9 9642.47 2.51774 0.000433237 7.72889e-06 1.91438e-05 3.37695e-07
threshold=-1.0499999999999998 -1.0499999999999998 -2.0499999999999994 -1.0499999999999998 -1.0499999999999998 -2.0499999999999994 -2.0499999999999994
decision_type=8 8 10 8 10 10 10
left_child=4 2 -2 -3 5 -1 -6
right_child=1 3 -4 -5 6 -7 -8
leaf_value=-0.075227503217800473 -0.072211851594882651 0.086218363213232785 -0.0789843565557245 0.08631068521497666 -0.075227503217800473 -0.075235498345900098 -0.075228266041309347
leaf_weight=6773.0271169543266 656.94768869876862 516.08367615938187 3338.2725341767073 33676.216444924474 10285.82082015276 5368.8125491887331 13316.646785795689
leaf_count=34085 4703 2818 13569 183412 51763 28020 70644
internal_value=-0.000662848 0.0691326 -0.0778707 0.0863093 -0.075229 -0.075231 -0.0752279
internal_weight=73931.8 38187.5 3995.22 34192.3 35744.3 12141.8 23602.5
internal_count=389014 204502 18272 186230 184512 62105 122407
is_linear=0
shrinkage=0.1


Tree=28
num_leaves=8
num_cat=0
split_feature=0 0 1 1 0 0 3
split_gain=13462.7 20144.9 7668.61 4013.6 8.18545e-11 1.81899e-12 1.13687e-13
threshold=-2.0499999999999994 -1.0499999999999998 -1.0499999999999998 -2.0499999999999994 -10.999999999999998 -5.5499999999999989 98.050000000000011
decision_type=10 10 8 8 10 10 2
left_child=4 3 -3 -2 6 -6 -1
right_child=1 2 -4 -5 5 -7 -8
leaf_value=-0.075227540534092752 -0.075227584204430889 0.044610276344076938 -0.075227763042536852 0.086290369029594083 -0.075227510708172837 -0.075227510715717594 -0.075227540481055136
leaf_weight=878.40583711862564 1622.4770823121071 7479.153238505125 18668.189961910248 29718.418007522821 868.36228549480438 16189.293392166495 70.876218296587467
leaf_count=8335 8165 18272 177229 90499 4370 81472 672
internal_value=0.000225472 0.0238595 -0.0409494 0.0779288 -0.0752275 -0.0752275 -0.0752275
internal_weight=75495.2 57488.2 26147.3 31340.9 18006.9 17057.7 949.282
internal_count=389014 294165 195501 98664 94849 85842 9007
is_linear=0
shrinkage=0.1


Tree=29
num_leaves=6
num_cat=0
split_feature=0 1 0 2 0
split_gain=36406.6 13328 72.4206 1.83771 3.63798e-12
threshold=-2.0499999999999994 -2.0499999999999994 -1.0499999999999998 -1.0499999999999998 -2.1499999999999999
decision_type=8 8 10 8 10
left_child=4 2 -2 -3 -1
right_child=1 3 -4 -5 -6
leaf_value=0.086310917827977257 0.086310407502608058 -0.076982226175906707 0.11044948044238334 -0.075232040365817224 0.086310917827977257
leaf_weight=27564.018305778503 2828.2026387751102 7348.9397977888584 2217.2144977152348 32670.407342329621 2172.5334625244141
leaf_count=79576 8165 36101 4703 254197 6272
internal_value=0.000427579 -0.0562436 0.0969184 -0.0755534 0.0863109
internal_weight=74801.3 45064.8 5045.42 40019.3 29736.6
internal_count=389014 303166 12868 290298 85848
is_linear=0
shrinkage=0.1


end of trees

feature_importances:
zwei=92
zwfl=57
zbmi=28
meal_completion_pct=8

parameters:
[boosting: gbdt]
[objective: multiclass]
[metric: multi_logloss]
[tree_learner: serial]
[device_type: cpu]
[data_sample_strategy: bagging]
[data: ]
[valid: ]
[num_iterations: 10]
[learning_rate: 0.1]
[num_leaves: 8]
[num_threads: 4]
[seed: 42]
[deterministic: 0]
[force_col_wise: 0]
[force_row_wise: 0]
[histogram_pool_size: -1]
[max_depth: 3]
[min_data_in_leaf: 20]
[min_sum_hessian_in_leaf: 0.001]
[bagging_fraction: 1]
[pos_bagging_fraction: 1]
[neg_bagging_fraction: 1]
[bagging_freq: 0]
[bagging_seed: 400]
[bagging_by_query: 0]
[feature_fraction: 1]
[feature_fraction_bynode: 1]
[feature_fraction_seed: 30056]
[extra_trees: 0]
[extra_seed: 12879]
[early_stopping_round: 0]
[early_stopping_min_delta: 0]
[first_metric_only: 0]
[max_delta_step: 0]
[lambda_l1: 0]
[lambda_l2: 0]
[linear_lambda: 0]
[min_gain_to_split: 0]
[drop_rate: 0.1]
[max_drop: 50]
[skip_drop: 0.5]
[xgboost_dart_mode: 0]
[uniform_drop: 0]
[drop_seed: 17869]
[top_rate: 0.2]
[other_rate: 0.1]
[min_data_per_group: 100]
[max_cat_threshold: 32]
[cat_l2: 10]
[cat_smooth: 10]
[max_cat_to_onehot: 4]
[top_k: 20]
[monotone_constraints: ]
[monotone_constraints_method: basic]
[monotone_penalty: 0]
[feature_contri: ]
[forcedsplits_filename: ]
[refit_decay_rate: 0.9]
[cegb_tradeoff: 1]
[cegb_penalty_split: 0]
[cegb_penalty_feature_lazy: ]
[cegb_penalty_feature_coupled: ]
[path_smooth: 0]
[interaction_constraints: ]
[verbosity: -1]
[saved_feature_importance_type: 0]
[use_quantized_grad: 0]
[num_grad_quant_bins: 4]
[quant_train_renew_leaf: 0]
[stochastic_rounding: 1]
[linear_tree: 0]
[max_bin: 255]
[max_bin_by_feature: ]
[min_data_in_bin: 3]
[bin_construct_sample_cnt: 200000]
[data_random_seed: 175]
[is_enable_sparse: 1]
[enable_bundle: 1]
[use_missing: 1]
[zero_as_missing: 0]
[feature_pre_filter: 1]
[pre_partition: 0]
[two_round: 0]
[header: 0]
[label_column: ]
[weight_column: ]
[group_column: ]
[ignore_column: ]
[categorical_feature: ]
[forcedbins_filename: ]
[precise_float_parser: 0]
[parser_config_file: ]
[objective_seed: 16083]
[num_class: 3]
[is_unbalance: 0]
[scale_pos_weight: 1]
[sigmoid: 1]
[boost_from_average: 1]
[reg_sqrt: 0]
[alpha: 0.9]
[fair_c: 1]
[poisson_max_delta_step: 0.7]
[tweedie_variance_power: 1.5]
[lambdarank_truncation_level: 30]
[lambdarank_norm: 1]
[label_gain: ]
[lambdarank_position_bias_regularization: 0]
[eval_at: ]
[multi_error_top_k: 1]
[auc_mu_weights: ]
[num_machines: 1]
[local_listen_port: 12400]
[time_out: 120]
[machine_list_filename: ]
[machines: ]
[gpu_platform_id: -1]
[gpu_device_id: -1]
[gpu_use_dp: 0]
[num_gpu: 1]

end of parameters

pandas_categorical:[]
